13.67   41.65   2009    8       6       15      36      44.44   4.2     15.7
14.04   38.73   2009    9       7       21      26      29.69   4.5     25.5
11.28   44.02   2009    9       14      20      4       31.3    4.3     7
13.35   42.45   2009    9       24      16      14      57.56   4.1     16.3
9.772   44.81   2009    10      19      10      8       49.64   4       23.6
14.56   37.85   2009    11      8       6       51      16.41   4.4     7.6
12.27   43.01   2009    12      15      13      11      58.98   4.3     8.8
14.95   37.77   2009    12      19      5       36      28.79   4.3     24.7
14.97   37.78   2009    12      19      9       1       16.46   4.4     26.9
13.45   43.12   2010    1       10      8       33      35.64   4       16.9
13.45   43.12   2010    1       12      8       25      11.32   4.1     17.1
13.43   43.13   2010    1       12      13      35      45.29   4.2     18.1
15.15   37.8    2010    4       2       20      4       45.1    4       3.4
14.92   38.41   2010    8       16      12      54      47.5    4.2     16.9
12.65   42.83   2010    8       28      7       8       3.25    4.1     6.7
14.26   45.57   2010    9       15      2       23      13.75   4       10
15.62   41.47   2010    9       17      12      20      17.75   4.5     6
12.38   44.2    2010    10      13      22      43      14.74   4.2     26.5
14.9    35.83   2011    4       24      13      2       12.3    4.3     9.7
14.96   37.79   2011    5       6       15      12      35.5    4.2     28.1
14.78   38.06   2011    6       23      22      2       46.71   4.4     7.3
11.86   43.93   2011    7       12      6       53      22.47   4       7.6
11.86   43.93   2011    7       12      7       15      8.33    4       8.2
11.37   45.01   2011    7       17      18      30      27.31   4.8     2.4
7.365   45.02   2011    7       25      12      31      20.46   4.3     11
9.393   44.52   2011    10      20      6       11      18.86   4       5.1
14.67   38.27   2011    11      15      4       59      0.36    4.2     8.4
10.51   44.87   2012    1       25      8       6       37.9    5       29
6.759   44.5    2012    2       26      22      37      55.92   4.3     10.4
9.354   44.49   2012    3       5       15      15      6.99    4.2     10.8
13.3    38.34   2012    4       13      6       21      32.63   4.1     9.2
11.25   44.91   2012    5       19      23      13      25.62   4.1     9.3
11.26   44.9    2012    5       20      2       3       50.17   5.9     9.5
11.12   44.88   2012    5       20      2       6       12.5    4.8     5
11.16   44.91   2012    5       20      2       6       26.47   4.8     4.3
11.27   44.87   2012    5       20      2       7       28.95   5       6.1
11.34   44.83   2012    5       20      2       9       48.35   4.3     4.9
11.34   44.86   2012    5       20      2       11      45.55   4.3     10.9
11.22   44.87   2012    5       20      2       12      40.47   4.3     6.7
10.95   44.85   2012    5       20      2       20      56.52   4.2     5
11.12   44.89   2012    5       20      2       21      50.49   4.1     4.9
11.48   44.83   2012    5       20      2       35      32.44   4       25.9
11.23   44.88   2012    5       20      2       39      7.41    4       6.6
11.15   44.86   2012    5       20      3       2       47.9    5       9.1
11.24   44.87   2012    5       20      9       13      18.49   4.2     7.2
11.44   44.81   2012    5       20      13      18      1.77    5.1     3.4
11.35   44.83   2012    5       20      13      21      5.31    4.1     8.3
11.31   44.87   2012    5       20      17      37      14.14   4.6     5.4
11.25   44.88   2012    5       20      17      38      14.38   4.6     3.7
11.31   44.87   2012    5       21      16      37      31.36   4.1     3.6
16.1    39.87   2012    5       28      1       6       26.83   4.3     8.3
11.07   44.84   2012    5       29      7       0       2.88    5.8     8.1
10.99   44.85   2012    5       29      7       7       20.91   4       3.5
10.95   44.87   2012    5       29      8       25      51.48   5       7.9
11.04   44.88   2012    5       29      8       27      22.65   4.6     6
10.97   44.87   2012    5       29      8       40      57.44   4.2     4.1
10.95   44.88   2012    5       29      8       41      42.33   4.1     6.5
11      44.88   2012    5       29      9       29      37.9    4.1     6.4
11.1    44.86   2012    5       29      10      3       25.76   4       2.5
10.98   44.87   2012    5       29      10      55      56.55   5.3     4.4
10.94   44.86   2012    5       29      11      0       1.68    5       8.7
10.98   44.87   2012    5       29      11      0       22.99   5.1     7.2
11.03   44.89   2012    5       29      11      7       4.63    4       8
10.95   44.89   2012    6       3       19      20      43.39   5.1     8.7
12.49   46.18   2012    6       9       2       4       56.6    4.4     6.9
10.92   44.89   2012    6       12      1       48      36.14   4.9     8.3
16.25   41.73   2012    8       12      1       21      36.8    4.2     29.1
13.73   38.53   2012    8       13      7       30      51.89   4       26.8
14.92   41.18   2012    9       27      1       8       22.65   4.2     10.3
9.67    44.78   2012    10      3       14      41      29.36   4.5     23.8
16.02   39.88   2012    10      25      23      5       24.73   5       9.7
14.96   37.8    2012    11      22      9       10      41.53   4       24.4
14.96   37.8    2012    11      22      11      25      51.67   4.1     27.3
14.79   46.19   2012    12      3       4       36      0.66    4.1     7.3
13.66   42.91   2012    12      5       1       18      20.29   4       17.5
14.72   37.88   2013    1       4       7       50      6.8     4.3     15.1
10.45   44.16   2013    1       25      14      48      18.27   4.8     19.8
14.63   46.46   2013    2       2       13      35      34.28   4.4     10
13.57   41.71   2013    2       16      21      16      9.29    4.7     17.1
14.83   45.78   2013    6       16      20      5       0       4.2     10
10.06   44.09   2013    6       21      10      33      56.7    5.3     5.7
10.14   44.16   2013    6       21      12      12      39.66   4       8.1
10.2    44.17   2013    6       23      15      1       33.86   4.4     9.2
10.19   44.16   2013    6       30      14      40      8.48    4.4     6.1
13.72   43.51   2013    7       21      1       32      24.24   4.9     7.9
13.72   43.5    2013    7       21      3       7       24.44   4       8.6
14.91   38.16   2013    8       15      23      4       58.47   4.2     25.6
14.91   38.16   2013    8       15      23      6       51.2    4.2     24.8
13.72   43.54   2013    8       22      6       44      51.58   4.4     8.9
15.08   36.71   2013    8       24      17      18      18.77   4       8.7
15.03   36.67   2013    12      15      3       57      34.1    4.1     10.5
12.52   43.38   2013    12      22      10      6       35.69   4       8.6
14.43   41.4    2013    12      29      17      8       43.23   5       20.4
14.45   41.37   2014    1       20      7       12      40.1    4.3     17.2
14.9    45.67   2014    3       13      17      31      59.48   4.3     8.3
6.707   44.5    2014    4       7       19      26      59.79   4.7     11.1
14.25   45.62   2014    4       22      8       58      27.42   4.7     10
